0.0	0.0	0.0	0.0	0.0	0.0	0.0	0.0	0.0	0.0
0.0	0.0	0.0	0.0	0.0	0.0	0.0	0.0	0.0	0.0
0.0	0.0	0.0	0.0	0.0	0.0	0.0	0.0	0.0	0.0
0.0	0.0	0.0	0.0	0.0	0.0	0.0	0.0	0.0	0.0
0.0	0.0	0.0	0.0	0.0	0.0	0.0	0.0	0.0	0.0
0.0	0.0	0.0	0.0	0.0	0.0	0.0	0.0	0.0	0.0
0.0	0.0	0.0	0.0	0.0	0.0	0.0	0.0	0.0	0.0
0.0	0.0	0.0	0.0	0.0	0.0	0.0	0.0	0.0	0.0
0.0	0.0	0.0	0.0	0.0	0.0	0.0	0.0	0.0	0.0
0.0	0.0	0.0	0.0	0.0	0.0	0.0	0.0	0.0	0.0
0.0	0.0	0.0	0.0	0.0	0.0	0.0	0.0	0.0	0.0
0.0	0.0	0.0	0.0	0.0	0.0	0.0	0.0	0.0	0.0
0.0	0.0	0.0	0.0	0.0	0.0	0.0	0.0	0.0	0.0
0.0	0.0	0.0	0.0	0.0	0.0	0.0	0.0	0.0	0.0
0.0	0.0	0.0	0.0	0.0	0.0	0.0	0.0	0.0	0.0
0.0	0.0	0.0	0.0	0.0	0.0	0.0	0.0	0.0	0.0
0.0	0.0	0.0	0.0	0.0	0.0	0.0	0.0	0.0	0.0
0.0	0.0	0.0	0.0	0.0	0.0	0.0	0.0	0.0	0.0
0.0	0.0	0.0	0.0	0.0	0.0	0.0	0.0	0.0	0.0
0.0	0.0	0.0	0.0	0.0	0.0	0.0	0.0	0.0	0.0
0.0	0.0	0.0	0.0	0.0	0.0	0.0	0.0	0.0	0.0
0.0	0.0	0.0	0.0	0.0	0.0	0.0	0.0	0.0	0.0
0.0	0.0	0.0	0.0	0.0	0.0	0.0	0.0	0.0	0.0
0.0	0.0	0.0	0.0	0.0	0.0	0.0	0.0	0.0	0.0
0.0	0.0	0.0	0.0	0.0	0.0	0.0	0.0	0.0	0.0
0.0	0.0	0.0	0.0	0.0	0.0	0.0	0.0	0.0	0.0
0.0	0.0	0.0	0.0	0.0	0.0	0.0	0.0	0.0	0.0
0.0	0.0	0.0	0.0	0.0	0.0	0.0	0.0	0.0	0.0
0.0	0.0	0.0	0.0	0.0	0.0	0.0	0.0	0.0	0.0
0.0	0.0	0.0	0.0	0.0	0.0	0.0	0.0	0.0	0.0
0.0	0.0	0.0	0.0	0.0	0.0	0.0	0.0	0.0	0.0
750.0	23037.0	10.667689323425293	5.0	0.0	750.0	3923.0	3923.0	6.028116183789283e-24	1.8000000000000003
720.0	22314.0	6.138636112213135	2.0	0.0	720.0	3832.0	3832.0	5.279808493247243e-24	0.2
690.0	21611.0	2.993307113647461	1.0	0.0	690.0	3755.0	3755.0	5.018039875458981e-24	5.1000000000000005
660.0	21163.0	1.8174159526824951	1.0	0.0	660.0	3713.0	3713.0	4.259940681186837e-24	100.0
630.0	20631.0	2.6853439807891846	1.0	0.0	630.0	3628.0	3628.0	4.941990062856133e-24	500.0
600.0	20283.0	2.055579900741577	1.0	0.0	599.0	3522.0	3529.0	4.8967925780941676e-24	0.0
580.0	19694.0	1.5718250274658203	0.0	0.0	579.0	3437.0	3444.0	5.921769651725506e-24	2000.0
550.0	19236.0	1.7321929931640625	0.0	0.0	550.0	3293.0	3293.0	5.459931532463675e-24	4000.0
530.0	18497.0	1.6764780282974243	1.0	0.0	530.0	3182.0	3182.0	5.175374364455064e-24	600.0
510.0	18020.0	2.1077470779418945	0.0	0.0	510.0	3070.0	3070.0	5.2855217774316586e-24	1400.0
490.0	17517.0	1.525871992111206	1.0	0.0	489.0	2944.0	2951.0	4.801921691942957e-24	500.0
470.0	16872.0	1.8513890504837036	0.0	0.0	470.0	2835.0	2835.0	4.7699370334401306e-24	1500.0
450.0	16444.0	3.330962896347046	2.0	0.0	450.0	2710.0	2710.0	5.147365052128491e-24	300.0
430.0	15896.0	3.2925939559936523	1.0	0.0	430.0	2603.0	2603.0	4.184077361511376e-24	700.0
410.0	15434.0	2.3505630493164062	0.0	0.0	410.0	2496.0	2496.0	4.590232200332275e-24	1000.0
390.0	14886.0	1.9505079984664917	1.0	0.0	390.0	2387.0	2387.0	4.8238480138674445e-24	3000.0
380.0	14714.0	4.034596920013428	1.0	0.0	379.0	2338.0	2346.0	5.172422778999446e-24	200.0
360.0	14191.0	2.878175973892212	1.0	0.0	359.0	2245.0	2253.0	3.909015077423766e-24	1000.0
340.0	13551.0	1.9797489643096924	1.0	0.0	339.0	2189.0	2197.0	5.620070341646005e-24	0.0
330.0	13275.0	1.6536409854888916	0.0	0.0	330.0	2157.0	2157.0	4.629387297571519e-24	1000.0
320.0	13048.0	1.612259030342102	1.0	0.0	319.0	2126.0	2133.0	4.3850887195755624e-24	2000.0
300.0	12522.0	1.1749110221862793	0.0	0.0	299.0	2052.0	2060.0	8.097122039439228e-24	900.0
290.0	12267.0	1.0964690446853638	0.0	0.0	290.0	2010.0	2010.0	4.38058542850392e-24	2100.0
280.0	11968.0	1.271994948387146	1.0	0.0	280.0	1952.0	1952.0	4.032733892363784e-23	300.0
270.0	11823.0	0.9925370216369629	0.0	0.0	269.0	1884.0	1892.0	4.15118585186564e-23	20.0
250.0	11228.0	0.9794489741325378	0.0	0.0	247.0	1746.0	1772.0	6.301167084898109e-23	0.5
240.0	10973.0	0.9109990000724792	0.0	0.0	240.0	1711.0	1711.0	5.226376012084305e-22	0.0
230.0	10679.0	0.9036480188369751	1.0	0.0	229.0	1641.0	1649.0	1.4310173469164217e-22	1.2000000000000002
220.0	10386.0	0.8703680038452148	0.0	0.0	217.0	1576.0	1603.0	2.026826612763585e-22	0.0
210.0	10057.0	0.9001060128211975	0.0	0.0	209.0	1539.0	1548.0	6.564399502722951e-22	0.0
200.0	9617.0	0.9384530186653137	0.0	0.0	199.0	1481.0	1489.0	1.2130334475713268e-21	0.0
200.0	9632.0	1.4147160053253174	1.0	0.0	199.0	1481.0	1489.0	1.2130334475713268e-21	40.0
190.0	9379.0	0.8551859855651855	0.0	0.0	187.0	1442.0	1469.0	1.3485142087785304e-20	50.0
180.0	9059.0	1.0347189903259277	0.0	0.0	180.0	1429.0	1429.0	4.2751197714137e-21	250.0
170.0	8825.0	0.7849439978599548	1.0	0.0	168.0	1353.0	1372.0	2.841938025176026e-20	0.0
160.0	8563.0	0.7048050165176392	0.0	0.0	158.0	1285.0	1303.0	5.979896920187135e-20	80.0
160.0	8601.0	0.7139559984207153	0.0	0.0	158.0	1285.0	1303.0	5.979896920187135e-20	0.0
150.0	8325.0	0.6029170155525208	0.0	0.0	147.0	1223.0	1254.0	4.521072472332836e-20	100.0
140.0	8027.0	0.6322609782218933	0.0	0.0	138.0	1204.0	1225.0	5.375734423509596e-19	0.0
140.0	8046.0	0.6368950009346008	1.0	0.0	138.0	1204.0	1225.0	5.375734423509596e-19	120.0
130.0	7630.0	0.6670089960098267	0.0	0.0	128.0	1146.0	1167.0	4.0416249177299494e-19	240.0
130.0	7591.0	0.5147410035133362	0.0	0.0	128.0	1146.0	1167.0	4.0416249177299494e-19	1500.0
120.0	7198.0	0.48172301054000854	0.0	0.0	113.0	1033.0	1106.0	2.3368407960855963e-17	3500.0
120.0	7221.0	0.4630829989910126	0.0	0.0	113.0	1033.0	1106.0	2.3368407960855963e-17	400.0
110.0	6884.0	0.45190000534057617	0.0	0.0	108.0	1011.0	1032.0	1.6308366152836158e-17	0.0
110.0	6897.0	0.5441009998321533	0.0	0.0	108.0	1011.0	1032.0	1.6308366152836158e-17	-12.0
100.0	6448.0	0.4980959892272949	1.0	0.0	95.0	920.0	974.0	4.672324981259152e-17	-7.5
100.0	6459.0	0.4476949870586395	0.0	0.0	95.0	920.0	974.0	4.672324981259152e-17	-6.0
90.0	6022.0	0.3956890106201172	0.0	0.0	88.0	878.0	901.0	4.493181697203203e-16	0.2
90.0	6012.0	0.3993130028247833	0.0	0.0	88.0	878.0	901.0	4.493181697203203e-16	2400.0
90.0	6027.0	0.41144099831581116	0.0	0.0	88.0	878.0	901.0	4.493181697203203e-16	0.0
80.0	5724.0	0.361285001039505	0.0	0.0	74.0	780.0	850.0	5.364894410558996e-15	0.0
80.0	5717.0	0.396712988615036	0.0	0.0	74.0	780.0	850.0	5.364894410558996e-15	0.0
80.0	5724.0	0.3789699971675873	0.0	0.0	74.0	780.0	850.0	5.364894410558996e-15	0.0
70.0	5450.0	0.35519498586654663	0.0	0.0	61.0	687.0	801.0	3.546124862854513e-14	0.0
70.0	5456.0	0.36135199666023254	1.0	0.0	61.0	687.0	801.0	3.546124862854513e-14	0.0
70.0	5472.0	0.38982799649238586	0.0	0.0	61.0	687.0	801.0	3.546124862854513e-14	0.0
